450	174
450.5	107
451	198
451.5	325
452	264
452.5	250
453	295
453.5	297
454	326
454.5	245
455	222
455.5	227
456	226
456.5	184
457	128
457.5	151
458	365
458.5	248
459	348
459.5	302
460	169
460.5	192
461	298
461.5	134
462	166
462.5	240
463	167
463.5	350
464	222
464.5	326
465	142
465.5	154
466	206
466.5	282
467	280
467.5	183
468	208
468.5	219
469	374
469.5	307
470	250
470.5	198
471	183
471.5	230
472	144
472.5	247
473	236
473.5	193
474	175
474.5	108
475	213
475.5	228
476	114
476.5	132
477	183
477.5	168
478	135
478.5	270
479	197
479.5	134
480	173
480.5	240
481	176
481.5	267
482	159
482.5	161
483	242
483.5	178
484	209
484.5	234
485	220
485.5	358
486	187
486.5	153
487	178
487.5	112
488	202
488.5	254
489	196
489.5	307
490	236
490.5	195
491	300
491.5	137
492	151
492.5	250
493	241
493.5	246
494	176
494.5	174
495	172
495.5	172
496	183
496.5	73
497	134
497.5	228
498	176
498.5	296
499	241
499.5	127
500	166
500.5	120
501	265
501.5	236
502	184
502.5	335
503	208
503.5	296
504	196
504.5	167
505	224
505.5	246
506	219
506.5	305
507	210
507.5	246
508	161
508.5	257
509	197
509.5	140
510	231
510.5	381
511	219
511.5	258
512	268
512.5	294
513	268
513.5	236
514	325
514.5	411
515	134
515.5	293
516	205
516.5	207
517	165
517.5	153
518	253
518.5	360
519	185
519.5	287
520	282
520.5	157
521	213
521.5	298
522	164
522.5	165
523	132
523.5	128
524	115
524.5	173
525	163
525.5	283
526	262
526.5	271
527	151
527.5	209
528	373
528.5	216
529	290
529.5	178
530	280
530.5	235
531	283
531.5	239
532	231
532.5	155
533	168
533.5	218
534	286
534.5	254
535	265
535.5	309
536	202
536.5	288
537	270
537.5	216
538	233
538.5	198
539	106
539.5	281
540	235
540.5	254
541	275
541.5	265
542	449
542.5	335
543	383
543.5	420
544	310
544.5	343
545	324
545.5	324
546	758
546.5	321
547	384
547.5	319
548	399
548.5	334
549	545
549.5	574
550	651
550.5	790
551	780
551.5	768
552	824
552.5	1205
553	1114
553.5	1261
554	1557
554.5	1834
555	2138
555.5	2495
556	2642
556.5	3042
557	3651
557.5	3805
558	4901
558.5	4623
559	5403
559.5	5546
560	6713
560.5	7672
561	9313
561.5	11938
562	12165
562.5	13516
563	13943
563.5	13295
564	11926
564.5	10601
565	9980
565.5	8955
566	8946
566.5	8551
567	8918
567.5	8681
568	8273
568.5	7713
569	7829
569.5	7251
570	6188
570.5	5927
571	5730
571.5	4812
572	3713
572.5	3511
573	3041
573.5	3065
574	2661
574.5	2268
575	2354
575.5	2243
576	1893
576.5	2110
577	1656
577.5	1521
578	1910
578.5	1499
579	1357
579.5	1423
580	1377
580.5	1523
581	1685
581.5	1713
582	1702
582.5	1977
583	2161
583.5	2326
584	2178
584.5	2480
585	2783
585.5	2538
586	3171
586.5	2878
587	3339
587.5	3431
588	4460
588.5	4400
589	4550
589.5	5144
590	5698
590.5	6030
591	6700
591.5	7417
592	8215
592.5	8826
593	10363
593.5	10691
594	12193
594.5	13586
595	15475
595.5	17283
596	19396
596.5	22253
597	28062
597.5	33920
598	36947
598.5	40711
599	40314
599.5	38833
600	36671
600.5	33809
601	31031
601.5	28866
602	27695
602.5	26751
603	25730
603.5	25511
604	25818
604.5	25271
605	25262
605.5	24701
606	23747
606.5	22673
607	22938
607.5	22325
608	20913
608.5	20723
609	19429
609.5	18368
610	18326
610.5	15891
611	16062
611.5	14320
612	12842
612.5	11687
613	10316
613.5	9271
614	7943
614.5	7025
615	6153
615.5	5539
616	5305
616.5	4009
617	3490
617.5	3404
618	2648
618.5	2406
619	2264
619.5	1850
620	1585
620.5	1657
621	1282
621.5	1422
622	1364
622.5	1310
623	1213
623.5	1072
624	1158
624.5	1043
625	1125
625.5	1107
626	1375
626.5	1156
627	1582
627.5	1449
628	1809
628.5	1756
629	1864
629.5	2002
630	2427
630.5	2385
631	2586
631.5	2910
632	2901
632.5	3394
633	3456
633.5	3901
634	4236
634.5	4925
635	4824
635.5	5468
636	6017
636.5	7211
637	7346
637.5	8137
638	9284
638.5	9974
639	10479
639.5	11637
640	13079
640.5	13084
641	14128
641.5	15650
642	16867
642.5	19514
643	20376
643.5	23431
644	25707
644.5	28544
645	29819
645.5	30093
646	30304
646.5	30519
647	27434
647.5	26715
648	24764
648.5	23769
649	22071
649.5	19221
650	19045
650.5	18268
651	18141
651.5	17860
652	16781
652.5	16584
653	15237
653.5	14733
654	13838
654.5	14348
655	12561
655.5	12682
656	11691
656.5	11281
657	10847
657.5	10069
658	9337
658.5	8426
659	7817
659.5	7341
660	6541
660.5	6299
661	5679
661.5	4593
662	4756
662.5	4177
663	3509
663.5	3480
664	2734
664.5	2685
665	2113
665.5	2072
666	1946
666.5	1368
667	1538
667.5	1286
668	1014
668.5	991
669	763
669.5	846
670	823
670.5	757
671	584
671.5	768
672	597
672.5	471
673	679
673.5	630
674	459
674.5	504
675	362
675.5	537
676	497
676.5	490
677	571
677.5	320
678	412
678.5	442
679	356
679.5	313
680	333
680.5	430
681	222
681.5	270
682	248
682.5	503
683	462
683.5	332
684	490
684.5	323
685	407
685.5	347
686	328
686.5	451
687	474
687.5	627
688	486
688.5	672
689	496
689.5	665
690	714
690.5	647
691	829
691.5	902
692	944
692.5	1164
693	898
693.5	1144
694	1017
694.5	1336
695	1388
695.5	1263
696	1390
696.5	1550
697	1744
697.5	1631
698	1711
698.5	1494
699	1732
699.5	1743
700	1702
700.5	1746
701	1872
701.5	2001
702	1839
702.5	1863
703	1976
703.5	2239
704	2419
704.5	2547
705	2527
705.5	2326
706	3006
706.5	2956
707	2766
707.5	2857
708	3218
708.5	2341
709	2528
709.5	2957
710	2679
710.5	2773
711	2322
711.5	2867
712	2737
712.5	2285
713	2531
713.5	2452
714	2289
714.5	2389
715	1918
715.5	2228
716	1739
716.5	1731
717	1616
717.5	1679
718	1966
718.5	1572
719	1365
719.5	1182
720	1237
720.5	1437
721	1107
721.5	1269
722	1017
722.5	876
723	933
723.5	799
724	717
724.5	668
725	582
725.5	380
726	691
726.5	556
727	404
727.5	331
728	273
728.5	290
729	243
729.5	307
730	315
730.5	127
731	228
731.5	65
732	142
732.5	171
733	126
733.5	90
734	119
734.5	80
735	140
735.5	138
736	189
736.5	98
737	122
737.5	60
738	99
738.5	75
739	50
739.5	63
740	76
740.5	97
741	129
741.5	36
742	98
742.5	75
743	110
743.5	92
744	71
744.5	41
745	55
745.5	24
746	93
746.5	58
747	43
747.5	37
748	69
748.5	50
749	112
749.5	94
750	34
750.5	93
751	44
751.5	85
752	40
752.5	47
753	124
753.5	53
754	27
754.5	62
755	31
755.5	94
756	79
756.5	169
757	57
757.5	87
758	26
758.5	88
759	47
759.5	62
760	95
760.5	77
761	50
761.5	61
762	31
762.5	16
763	25
763.5	51
764	94
764.5	40
765	185
765.5	88
766	94
766.5	94
767	41
767.5	69
768	30
768.5	48
769	73
769.5	52
770	105
770.5	40
771	65
771.5	109
772	119
772.5	158
773	155
773.5	77
774	85
774.5	131
775	68
775.5	177
776	79
776.5	71
777	79
777.5	98
778	163
778.5	120
779	154
779.5	174
780	91
780.5	147
781	53
781.5	96
782	42
782.5	181
783	100
783.5	147
784	93
784.5	190
785	99
785.5	165
786	166
786.5	132
787	93
787.5	143
788	127
788.5	172
789	76
789.5	175
790	240
790.5	159
791	83
791.5	174
792	67
792.5	76
793	105
793.5	95
794	60
794.5	84
795	143
795.5	194
796	153
796.5	130
797	70
797.5	178
798	95
798.5	156
799	83
799.5	149
800	70
800.5	91
801	104
801.5	83
802	72
802.5	55
803	105
803.5	65
804	105
804.5	133
805	54
805.5	69
806	74
806.5	143
807	55
807.5	71
808	48
808.5	51
809	57
809.5	25
810	48
810.5	119
811	60
811.5	110
812	42
812.5	22
813	72
813.5	51
814	76
814.5	154
815	66
815.5	26
816	30
816.5	73
817	70
817.5	34
818	41
818.5	21
819	30
819.5	59
820	137
820.5	36
821	56
821.5	61
822	47
822.5	59
823	16
823.5	48
824	55
824.5	55
825	233
825.5	43
826	40
826.5	43
827	42
827.5	24
828	50
828.5	42
829	29
829.5	28
830	34
830.5	55
831	12
831.5	46
832	63
832.5	53
833	47
833.5	14
834	95
834.5	31
835	28
835.5	8
836	22
836.5	37
837	83
837.5	14
838	22
838.5	32
839	17
839.5	59
840	64
840.5	16
841	89
841.5	5
842	15
842.5	34
843	71
843.5	46
844	34
844.5	48
845	19
845.5	86
846	46
846.5	26
847	35
847.5	46
848	58
848.5	42
849	76
849.5	14
850	12
850.5	70
851	28
851.5	78
852	53
852.5	16
853	53
853.5	21
854	59
854.5	50
855	38
855.5	38
856	51
856.5	32
857	22
857.5	90
858	52
858.5	68
859	32
859.5	16
860	44
860.5	67
861	40
861.5	55
862	14
862.5	49
863	37
863.5	27
864	57
864.5	99
865	57
865.5	12
866	41
866.5	93
867	44
867.5	82
868	37
868.5	74
869	33
869.5	26
870	20
870.5	11
871	25
871.5	32
872	42
872.5	57
873	52
873.5	44
874	98
874.5	34
875	36
875.5	71
876	12
876.5	31
877	68
877.5	55
878	30
878.5	83
879	16
879.5	29
880	19
880.5	34
881	24
881.5	29
882	28
882.5	44
883	55
883.5	86
884	42
884.5	44
885	82
885.5	42
886	103
886.5	27
887	4
887.5	40
888	91
888.5	25
889	69
889.5	36
890	53
890.5	37
891	37
891.5	58
892	21
892.5	68
893	16
893.5	21
894	52
894.5	47
895	42
895.5	66
896	37
896.5	27
897	41
897.5	93
898	31
898.5	49
899	41
899.5	38
900	54
	
