290	517.77814
290.5	599.15595
291	614.76727
291.5	543.34058
292	447.98019
292.5	850.46368
293	644.05041
293.5	605.29376
294	872.4079
294.5	1053.42773
295	639.5683
295.5	1159.07336
296	820.31232
296.5	1222.72791
297	1012.26392
297.5	1183.33984
298	1218.0459
298.5	1016.40216
299	1598.53101
299.5	1341.97607
300	1213.0542
300.5	1175.21301
301	1424.85266
301.5	1675.86804
302	1920.59912
302.5	1746.10303
303	1989.28711
303.5	2128.0271
304	2062.85718
304.5	2169.17969
305	2579.37183
305.5	2307.97095
306	2991.90991
306.5	2743.38354
307	3021.01367
307.5	3168.77393
308	3156.30054
308.5	3357.42407
309	3387.87134
309.5	4106.19727
310	3601.98267
310.5	3966.78247
311	3929.00391
311.5	4059.05591
312	5050.88672
312.5	4532.7334
313	5171.62695
313.5	4951.32617
314	4941.354
314.5	5005.06934
315	5074.58008
315.5	5444.37646
316	5756.76367
316.5	6343.86279
317	6654.35791
317.5	7156.02832
318	7315.95117
318.5	7535.38477
319	7577.16602
319.5	7811.23145
320	7653.96729
320.5	8088.25439
321	8612.19531
321.5	9386.74805
322	9082.63184
322.5	8976.5498
323	9791.18457
323.5	9259.23438
324	10188.8242
324.5	10862.2275
325	10639.3848
325.5	11223.3496
326	11827.1475
326.5	11354.8096
327	12011.1777
327.5	11767.001
328	13311.1045
328.5	13119.5088
329	13864.5498
329.5	14360.8428
330	15116.2207
330.5	15500.0674
331	15246.375
331.5	15662.2666
332	17294.5508
332.5	16601.6133
333	18081.9883
333.5	17885.5625
334	19177.1816
334.5	20135.3496
335	20562.0938
335.5	21417.9199
336	21134.7676
336.5	22311.9805
337	23088.4512
337.5	23624.4258
338	23939.4063
338.5	24428.0059
339	25622.2598
339.5	25724.123
340	28011.5645
340.5	28215.166
341	29251.5391
341.5	29428.918
342	29647.3613
342.5	30982.3926
343	31989.8086
343.5	32400.3398
344	33410.2852
344.5	33966.9727
345	35374.7227
345.5	34667.8398
346	35822.9961
346.5	34630.2266
347	33743.1406
347.5	33902.8516
348	32526.7598
348.5	33085.2266
349	33449.3125
349.5	33678.1797
350	34690.8281
350.5	34304.668
351	36015.3203
351.5	37380.668
352	38719.6289
352.5	40374.5195
353	41401.625
353.5	42145.8594
354	43081.7266
354.5	43400.9102
355	43104.7852
355.5	42668.875
356	42187.4883
356.5	43033.2813
357	43870.5117
357.5	46570.3867
358	48717.8906
358.5	51930.1563
359	55209.832
359.5	58899.0977
360	61841.7734
360.5	65767.8281
361	68865.9922
361.5	70676.125
362	74121.8203
362.5	74016.5391
363	77275.4063
363.5	79042.375
364	81022.7266
364.5	82971.5
365	84224.5703
365.5	85823.1094
366	86923.4453
366.5	88416.9688
367	89427.6641
367.5	89758.5547
368	91183.6563
368.5	92035.1172
369	93320.9922
369.5	94105.1719
370	94717.2891
370.5	96119.0156
371	97044.9297
371.5	97840.1719
372	98908.4922
372.5	100003.977
373	100729.617
373.5	101574.219
374	102151.141
374.5	103001.297
375	103631.961
375.5	104878.719
376	105142.453
376.5	105820.141
377	105712.914
377.5	107301.547
378	108142.328
378.5	108871.828
379	109914.234
379.5	109847.234
380	109679.734
380.5	110670.258
381	111367.539
381.5	111005.023
382	111038.313
382.5	112225.625
383	113365.328
383.5	113004.367
384	112619.117
384.5	112763.859
385	112888.641
385.5	112368.102
386	114121.953
386.5	113371.219
387	114946.313
387.5	114557.961
388	115082.086
388.5	114210.047
389	114202.594
389.5	113611.867
390	114672.672
390.5	113915.016
391	113824.727
391.5	113621.484
392	113036.883
392.5	112970.977
393	113253.188
393.5	111567.531
394	111311.977
394.5	111873.102
395	112112.273
395.5	111513.758
396	110993.281
396.5	110914.398
397	109643.219
397.5	109439.555
398	110317.742
398.5	109019.305
399	109019.406
399.5	108241.273
400	107562.117
400.5	107004.453
401	106472.305
401.5	105924.344
402	103978.828
402.5	105126.625
403	104958.43
403.5	104854.602
404	104499.438
404.5	102736.086
405	103335.422
405.5	102636.797
406	100885.109
406.5	100150.055
407	99212.4922
407.5	97957.7891
408	97890.6484
408.5	96702.8438
409	96983.3047
409.5	96413.1797
410	94161.9453
410.5	93852.5234
411	92037.875
411.5	92152.6094
412	92020.375
412.5	91124.7109
413	91149.7734
413.5	88791.7656
414	88206.125
414.5	88701.1406
415	87864.9922
415.5	86486.9219
416	85134.8984
416.5	84952.4531
417	83683.6797
417.5	83495.7734
418	82156.625
418.5	81751.3984
419	81380.4922
419.5	80926.7031
420	79655.0078
420.5	78514.875
421	78438.0391
421.5	78143.3203
422	77210.3828
422.5	75656.4531
423	75475.7734
423.5	75062.625
424	74291.875
424.5	73538.9453
425	72573.3203
425.5	72292.0781
426	71345.3438
426.5	70084
427	69490.8594
427.5	67552.6719
428	65381.6445
428.5	63502.6445
429	62848.3125
429.5	61485.332
430	62213.293
430.5	62495.0391
431	61238.4688
431.5	61512.1563
432	60250.1914
432.5	59656.8711
433	58601.418
433.5	59146.0234
434	58640.832
434.5	57484.5039
435	57264.8008
435.5	57511.4922
436	57963.0391
436.5	56924.7422
437	55763.875
437.5	55467.2305
438	54190.4219
438.5	53916.0156
439	53545.1016
439.5	53188.0508
440	52203.2695
440.5	52116.0156
441	50576.2031
441.5	49994.2539
442	49971.9141
442.5	49256.9297
443	48812.8438
443.5	47594.793
444	46760.4063
444.5	46513.6094
445	45773.9727
445.5	45205.0156
446	44329.9219
446.5	44596.4805
447	43693.4141
447.5	42371.5352
448	41886.3281
448.5	42065.7539
449	41349.3906
449.5	40300.5352
450	40018.8398
450.5	38917.7813
451	38752.8438
451.5	38122.8359
452	37300.9102
452.5	36288.7227
453	36917.793
453.5	35769.2305
454	34568.1836
454.5	34575.3711
455	33652.3086
455.5	33327.043
456	32239.8164
456.5	32310.8262
457	31381.3242
457.5	31552.2324
458	29976.9492
458.5	29878.1777
459	29174.6133
459.5	29247.2402
460	29244.9531
460.5	28613.7422
461	27257.5938
461.5	27448.3047
462	27317.9863
462.5	27494.1328
463	26860.0645
463.5	26565.0879
464	26437.1758
464.5	25530.5977
465	25238.4277
465.5	25033.6289
466	24577.7871
466.5	24111.1699
467	24317.2148
467.5	23619.1328
468	23283.5156
468.5	22932.2305
469	22611.1738
469.5	22065.5898
470	21767.209
470.5	21160.9453
471	20672.5879
471.5	20621.2773
472	20433.4414
472.5	20143.8418
473	20188.0078
473.5	19243.5527
474	19069.9961
474.5	19001.3047
475	18826.4473
475.5	18248.3398
476	18367.9531
476.5	17671.4297
477	17451.8105
477.5	17628.6719
478	17247.4121
478.5	17415.6738
479	17036.6621
479.5	16566.7227
480	16814.8867
480.5	16420.1074
481	15933.6592
481.5	16326.1221
482	16293.2832
482.5	16049.4844
483	15475.4619
483.5	15382.3643
484	15224.5479
484.5	14947.9639
485	15213.0635
485.5	14468.0889
486	14338.2568
486.5	14413.8584
487	13822.7295
487.5	14738.4736
488	13767.6533
488.5	13385.1016
489	13192.0322
489.5	13631.2158
490	13086.249
490.5	12751.2529
491	13086.7422
491.5	12149.8867
492	12489.2588
492.5	12020.3721
493	12097.2578
493.5	11753.3906
494	11504.9688
494.5	11192.1719
495	11056.0742
495.5	11109.6895
496	11018.8965
496.5	10272.0664
497	10639.9463
497.5	10023.0332
498	10281.1611
498.5	9619.61328
499	9547.27051
499.5	9701.91699
500	9113.06055
500.5	9098.38574
501	9001.92578
501.5	8701.92188
502	8685.68262
502.5	8317.70215
503	8092.63428
503.5	8288.58203
504	8276.65332
504.5	7886.96973
505	7341.31396
505.5	7821.14014
506	7384.67822
506.5	7454.43262
507	7185.93506
507.5	7001.63574
508	6838.77344
508.5	6716.35107
509	6678.46045
509.5	6307.28955
510	5970.73682
510.5	5974.61768
511	5770.9082
511.5	5593.50732
512	5919.96582
512.5	5550.65674
513	5314.07471
513.5	5558.35498
514	5258.89111
514.5	5688.95361
515	5177.66504
515.5	5450.39014
516	5329.19971
516.5	5353.4624
517	4896.19141
517.5	5069.15869
518	5108.84912
518.5	4854.36719
519	4733.94287
519.5	4718.07227
520	4542.01221
520.5	4352.26709
521	4251.53418
521.5	4134.44629
522	3932.50342
522.5	3658.46606
523	3603.30786
523.5	3567.59717
524	3310.04297
524.5	3397.74268
525	3134.38525
525.5	3149.64014
526	3250.6875
526.5	3465.56836
527	3173.31592
527.5	3267.56982
528	3170.27319
528.5	3410.55322
529	3286.90771
529.5	3105.73169
530	3434.38696
530.5	3454.61255
531	3458.57446
531.5	3083.01636
532	3498.88403
532.5	3221.81836
533	3421.91089
533.5	3359.44312
534	3195.80493
534.5	3261.52979
535	3392.26929
535.5	3206.677
536	3193.12842
536.5	3414.24023
537	2997.80786
537.5	3035.35938
538	3477.08838
538.5	3071.07642
539	3194.42041
539.5	3079.25244
540	3078.59766
540.5	3094.37036
541	3043.01343
541.5	3035.02734
542	2930.45728
542.5	2800.88696
543	2602.30103
543.5	2659.09912
544	2801.50854
544.5	2835.52905
545	2753.73877
545.5	2659.03662
546	2679.70508
546.5	2490.21387
547	2480.20386
547.5	2551.3728
548	2374.46265
548.5	2329.10352
549	2499.4043
549.5	2144.31738
550	2440.29614
550.5	2169.44434
551	2212.15161
551.5	2250.87036
552	2228.20947
552.5	2163.43457
553	2164.85303
553.5	1946.81201
554	1997.27136
554.5	1875.90747
555	1952.21704
555.5	2000.30554
556	2100.65381
556.5	1764.19165
557	1897.96692
557.5	1796.39893
558	1997.823
558.5	1760.97815
559	1878.68518
559.5	1663.80115
560	1847.06335
560.5	1801.55298
561	1682.2312
561.5	1726.76465
562	1545.82349
562.5	1611.47705
563	1577.57764
563.5	1516.24854
564	1572.68286
564.5	1410.51611
565	1561.50098
565.5	1440.60095
566	1391.34436
566.5	1339.53955
567	1413.04639
567.5	1341.30811
568	1386.01685
568.5	1048.87305
569	1287.71472
569.5	1015.52698
570	918.62299
570.5	835.38031
571	900.50745
571.5	865.78827
572	817.922
572.5	746.6676
573	701.88263
573.5	719.35223
574	654.02918
574.5	557.42316
575	590.61877
575.5	704.03986
576	634.74213
576.5	603.35638
577	660.19104
577.5	645.66724
578	510.03384
578.5	494.54349
579	586.72974
579.5	438.0423
580	483.86389
580.5	484.03561
581	439.35339
581.5	357.61969
582	455.55557
582.5	455.16492
583	418.26852
583.5	379.19287
584	426.41659
584.5	446.50201
585	388.30643
585.5	490.92545
586	445.69727
586.5	421.6777
587	500.36478
587.5	524.16046
588	537.83832
588.5	451.74838
589	428.99548
589.5	528.8891
590	593.37683
590.5	581.88568
591	569.04346
591.5	560.83929
592	572.07971
592.5	646.68884
593	609.17737
593.5	623.00903
594	651.06818
594.5	626.38159
595	696.88574
595.5	640.85681
596	578.66272
596.5	748.1911
597	560.64356
597.5	735.28302
598	503.42392
598.5	567.73047
599	560.01105
599.5	531.7229
600	558.82147
600.5	640.68329
601	618.41498
601.5	572.90735
602	631.31873
602.5	552.30524
603	641.63446
603.5	691.78302
604	538.59039
604.5	579.50525
605	550.15839
605.5	537.62824
606	460.03317
606.5	487.70627
607	728.36072
607.5	596.85754
608	533.98077
608.5	637.12628
609	590.60602
609.5	692.03613
610	677.11017
610.5	667.27185
611	609.3714
611.5	575.94714
612	611.30524
612.5	620.29431
613	664.80414
613.5	645.06348
614	840.02374
614.5	910.51642
615	851.30817
615.5	930.57684
616	710.27527
616.5	654.9848
617	693.17291
617.5	802.69409
618	1068.10791
618.5	1110.54285
619	1314.19836
619.5	1536.6272
620	1382.10071
620.5	1072.09692
621	868.3775
621.5	564.34924
622	654.78381
622.5	510.88855
623	546.75201
623.5	442.90186
624	395.04773
624.5	464.68961
625	433.25595
625.5	420.97812
626	471.11472
626.5	458.88135
627	416.89743
627.5	367.01813
628	463.52151
628.5	354.24976
629	382.47952
629.5	375.8458
630	481.22589
630.5	334.07477
631	418.56464
631.5	392.26425
632	359.29474
632.5	406.80792
633	326.54062
633.5	337.07321
634	348.43369
634.5	350.96957
635	251.22177
635.5	326.62253
636	308.78397
636.5	207.04977
637	264.45313
637.5	362.38528
638	336.11511
638.5	299.41724
639	272.22141
639.5	273.27637
640	245.03883
640.5	227.58742
641	188.07919
641.5	389.40997
642	281.89636
642.5	383.64914
643	274.86813
643.5	225.28564
644	287.68054
644.5	270.39652
645	261.32666
645.5	334.99835
646	232.98285
646.5	265.96716
647	351.75046
647.5	246.78757
648	206.01611
648.5	292.37921
649	372.31943
649.5	241.76759
650	287.33884
650.5	224.39638
651	270.34146
651.5	271.39951
652	307.83591
652.5	205.1515
653	355.33273
653.5	220.32274
654	255.62102
654.5	235.38811
655	224.09198
655.5	202.00955
656	252.03421
656.5	132.978
657	181.54233
657.5	269.31
658	147.58951
658.5	248.04092
659	100.30601
659.5	226.00253
660	316.07107
660.5	242.58504
661	193.05528
661.5	220.01756
662	144.2139
662.5	224.73808
663	212.71812
663.5	107.81998
664	189.82378
664.5	136.50362
665	151.88567
665.5	223.16492
666	70.63372
666.5	129.53355
667	130.71001
667.5	279.41074
668	179.95845
668.5	198.89038
669	170.87593
669.5	237.01097
670	286.39169
670.5	224.20044
671	210.38545
671.5	227.14887
672	245.55438
672.5	114.14779
673	130.66492
673.5	97.94069
674	98.27311
674.5	82.02279
675	147.96335
675.5	197.33662
676	147.91371
676.5	164.46362
677	148.57245
677.5	131.4422
678	132.2587
678.5	66.16008
679	116.16892
679.5	182.2905
680	236.13164
680.5	135.01958
681	169.12196
681.5	152.44708
682	152.94023
682.5	119.24641
683	84.82314
683.5	118.89063
684	119.32356
684.5	102.37882
685	171.3949
685.5	102.27664
686	102.3252
686.5	102.44759
687	119.51131
687.5	170.64896
688	137.3914
688.5	103.3971
689	154.91267
689.5	223.68304
690	188.89864
690.5	120.54094
691	190.6113
691.5	69.18065
692	138.66283
692.5	69.71287
693	104.95982
693.5	122.25609
694	158.27933
694.5	140.85316
695	265.19629
695.5	193.83127
696	317.9411
696.5	336.26157
697	462.28778
697.5	231.17966
698	485.51657
698.5	376.70313
699	251.24086
699.5	180.91585
700	126.40877
700.5	109.1533
701	218.60367
701.5	182.07658
702	146.80615
702.5	312.30228
703	203.9193
703.5	204.0408
704	297.37085
704.5	242.72853
705	93.88934
705.5	225.71318
706	131.90826
706.5	131.94408
707	95.11872
707.5	152.86462
708	38.22685
708.5	77.09258
709	115.80145
709.5	77.53268
710	77.741
710.5	97.46939
711	38.91961
711.5	157.55251
712	39.62446
712.5	118.9405
713	39.92476
713.5	59.9753
714	100.15576
714.5	120.97454
715	121.29552
715.5	61.16044
716	163.04823
716.5	102.8331
717	123.74533
717.5	124.00305
718	83.23557
718.5	83.61354
719	84.2868
719.5	105.9874
720	42.47474
720.5	191.66504
721	193.17111
721.5	128.91721
722	86.56124
722.5	109.09335
723	109.15247
723.5	109.53731
724	22.02518
724.5	88.59157
725	44.76028
725.5	89.89876
726	135.37608
726.5	45.23016
727	67.90628
727.5	91.47264
728	114.92091
728.5	138.151
729	46.18168
729.5	161.99976
730	209.53917
730.5	70.62573
731	23.68797
731.5	23.81241
732	119.54069
732.5	120.3462
733	0
733.5	0
734	24.44458
734.5	24.50787
735	49.31555
735.5	0
736	25.00866
736.5	100.42598
737	101.08568
737.5	101.95373
738	76.86145
738.5	76.90583
739	77.35285
739.5	25.95943
740	52.28048
740.5	131.76445
741	79.63533
741.5	26.55231
742	53.86746
742.5	53.68195
743	81.08469
743.5	27.22515
744	82.16174
744.5	55.04517
745	55.50718
745.5	27.94341
746	56.15747
746.5	112.60978
747	57.02038
747.5	57.14854
748	0
748.5	28.89738
749	29.13309
749.5	116.87722
750	29.26426
750.5	117.71175
751	118.10449
751.5	90.21061
752	60.22921
752.5	30.3398
753	30.48557
753.5	61.67819
754	31.00214
754.5	93.74545
755	94.18446
755.5	63.33093
756	31.82101
756.5	96.02819
757	64.27473
757.5	97.16386
758	32.49825
758.5	98.3854
759	66.21442
759.5	66.74611
760	0
760.5	101.27216
761	34.02544
761.5	34.25773
762	34.39222
762.5	69.5405
763	0
763.5	0
764	35.34745
764.5	70.7834
765	106.87586
765.5	108.47986
766	72.56238
766.5	146.44391
767	110.42924
767.5	37.01877
768	74.66085
768.5	75.35162
769	151.19109
769.5	38.12165
770	38.28063
770.5	116.0985
771	0
771.5	0
772	39.52356
772.5	79.25635
773	39.8494
773.5	40.2261
774	40.32129
774.5	0
775	41.16387
775.5	165.97502
776	41.64032
776.5	41.92519
777	0
777.5	0
778	85.88406
778.5	0
779	86.73208
779.5	43.74848
780	44.12827
780.5	88.88214
781	44.58063
781.5	45.20425
782	91.0552
782.5	91.63673
783	92.38708
783.5	92.88113
784	46.79618
784.5	142.15599
785	0
785.5	95.21085
786	96.36974
786.5	145.3121
787	194.6059
787.5	49.07663
788	98.45638
788.5	298.15329
789	250.80444
789.5	202.20294
790	407.14975
790.5	154.00554
791	154.50047
791.5	155.28413
792	208.9173
792.5	261.96198
793	370.81476
793.5	0
794	322.68842
794.5	216.70572
795	381.15259
795.5	494.59335
796	332.17609
796.5	221.89941
797	559.31177
797.5	338.43225
798	226.97267
798.5	798.6709
799	286.2692
799.5	519.3352
800	581.67261
800.5	528.11127
801	471.8631
801.5	297.14539
802	713.84601
802.5	901.0979
803	606.77313
803.5	914.42419
804	551.81519
804.5	555.1875
805	433.74313
805.5	563.21411
806	564.65002
806.5	758.47241
807	380.60175
807.5	319.5079
808	966.24347
808.5	711.4671
809	520.74335
809.5	916.18774
810	659.36011
810.5	794.67212
811	267.43494
811.5	673.19873
812	337.29474
812.5	678.61499
813	273.7229
813.5	481.25839
814	412.36166
814.5	347.41608
815	555.3432
815.5	139.63356
816	280.86273
816.5	422.92142
817	423.35458
817.5	638.18738
818	430.48453
818.5	431.13953
819	289.98978
819.5	578.92511
820	218.33803
820.5	732.54968
821	586.85028
821.5	370.66635
822	223.20302
822.5	519.52783
823	448.47794
823.5	525.9375
824	300.41333
824.5	527.62646
825	304.34161
825.5	228.57378
826	382.77295
826.5	76.93033
827	385.94458
827.5	154.60823
828	543.24439
828.5	232.61665
829	233.31244
829.5	312.10474
830	78.43922
830.5	157.90587
831	79.13192
831.5	317.40921
832	399.29318
832.5	79.93578
833	322.29056
833.5	322.0444
834	80.96582
834.5	162.55962
835	163.7309
835.5	327.96988
836	326.59128
836.5	329.80145
837	0
837.5	165.22989
838	0
838.5	83.56266
839	335.6344
839.5	168.21062
840	0
840.5	84.81888
841	341.05206
841.5	85.57628
842	171.35144
842.5	86.01213
843	86.49588
843.5	87.58013
844	175.49081
844.5	264.32062
845	89.07906
845.5	89.29092
846	89.95287
846.5	361.50549
847	453.1499
847.5	457.17984
848	368.38284
848.5	368.78299
849	279.42661
849.5	188.38316
850	283.22531
