  300.0000         0
  300.5000         0
  301.0000         0
  301.5000         0
  302.0000         0
  302.5000         0
  303.0000         0
  303.5000         0
  304.0000         0
  304.5000         0
  305.0000         0
  305.5000         0
  306.0000         0
  306.5000         0
  307.0000         0
  307.5000         0
  308.0000         0
  308.5000         0
  309.0000         0
  309.5000         0
  310.0000         0
  310.5000         0
  311.0000         0
  311.5000         0
  312.0000         0
  312.5000         0
  313.0000         0
  313.5000         0
  314.0000         0
  314.5000         0
  315.0000         0
  315.5000         0
  316.0000         0
  316.5000         0
  317.0000         0
  317.5000         0
  318.0000         0
  318.5000         0
  319.0000         0
  319.5000         0
  320.0000         0
  320.5000         0
  321.0000         0
  321.5000         0
  322.0000         0
  322.5000         0
  323.0000         0
  323.5000         0
  324.0000         0
  324.5000         0
  325.0000         0
  325.5000         0
  326.0000         0
  326.5000         0
  327.0000         0
  327.5000         0
  328.0000         0
  328.5000         0
  329.0000         0
  329.5000         0
  330.0000         0
  330.5000         0
  331.0000         0
  331.5000         0
  332.0000         0
  332.5000         0
  333.0000         0
  333.5000         0
  334.0000         0
  334.5000         0
  335.0000         0
  335.5000         0
  336.0000    0.0000
  336.5000    0.0000
  337.0000    0.0000
  337.5000    0.0000
  338.0000    0.0000
  338.5000    0.0000
  339.0000    0.0000
  339.5000    0.0000
  340.0000    0.0000
  340.5000    0.0000
  341.0000    0.0000
  341.5000    0.0000
  342.0000    0.0000
  342.5000    0.0000
  343.0000    0.0000
  343.5000    0.0000
  344.0000    0.0000
  344.5000    0.0000
  345.0000    0.0000
  345.5000    0.0000
  346.0000    0.0000
  346.5000    0.0000
  347.0000    0.0000
  347.5000    0.0000
  348.0000    0.0000
  348.5000    0.0000
  349.0000    0.0000
  349.5000    0.0000
  350.0000    0.0000
  350.5000    0.0000
  351.0000    0.0000
  351.5000    0.0000
  352.0000    0.0000
  352.5000    0.0000
  353.0000    0.0000
  353.5000    0.0000
  354.0000    0.0000
  354.5000    0.0000
  355.0000    0.0000
  355.5000    0.0000
  356.0000    0.0000
  356.5000    0.0000
  357.0000    0.0000
  357.5000    0.0000
  358.0000    0.0000
  358.5000    0.0000
  359.0000    0.0000
  359.5000    0.0000
  360.0000    0.0000
  360.5000    0.0000
  361.0000    0.0000
  361.5000    0.0000
  362.0000    0.0000
  362.5000    0.0000
  363.0000    0.0000
  363.5000    0.0000
  364.0000    0.0000
  364.5000    0.0000
  365.0000    0.0000
  365.5000    0.0000
  366.0000    0.0000
  366.5000    0.0000
  367.0000    0.0000
  367.5000    0.0000
  368.0000    0.0000
  368.5000    0.0000
  369.0000    0.0000
  369.5000    0.0000
  370.0000    0.0000
  370.5000    0.0000
  371.0000    0.0000
  371.5000    0.0000
  372.0000    0.0000
  372.5000    0.0000
  373.0000    0.0000
  373.5000    0.0000
  374.0000    0.0000
  374.5000    0.0000
  375.0000    0.0000
  375.5000    0.0000
  376.0000    0.0000
  376.5000    0.0000
  377.0000    0.0000
  377.5000    0.0000
  378.0000    0.0000
  378.5000    0.0000
  379.0000    0.0000
  379.5000    0.0000
  380.0000    0.0000
  380.5000    0.0000
  381.0000    0.0000
  381.5000    0.0000
  382.0000    0.0000
  382.5000    0.0000
  383.0000    0.0000
  383.5000    0.0000
  384.0000    0.0000
  384.5000    0.0000
  385.0000    0.0000
  385.5000    0.0000
  386.0000    0.0000
  386.5000    0.0000
  387.0000    0.0000
  387.5000    0.0000
  388.0000    0.0000
  388.5000    0.0000
  389.0000    0.0000
  389.5000    0.0000
  390.0000    0.0000
  390.5000    0.0000
  391.0000    0.0000
  391.5000    0.0000
  392.0000    0.0000
  392.5000    0.0000
  393.0000    0.0000
  393.5000    0.0000
  394.0000    0.0000
  394.5000    0.0000
  395.0000    0.0000
  395.5000    0.0000
  396.0000    0.0000
  396.5000    0.0000
  397.0000    0.0000
  397.5000    0.0000
  398.0000    0.0000
  398.5000    0.0000
  399.0000    0.0000
  399.5000    0.0000
  400.0000    0.0000
  400.5000    0.0000
  401.0000    0.0000
  401.5000    0.0000
  402.0000    0.0000
  402.5000    0.0000
  403.0000    0.0000
  403.5000    0.0000
  404.0000    0.0000
  404.5000    0.0000
  405.0000    0.0000
  405.5000    0.0000
  406.0000    0.0000
  406.5000    0.0000
  407.0000    0.0000
  407.5000    0.0000
  408.0000    0.0000
  408.5000    0.0000
  409.0000    0.0000
  409.5000    0.0000
  410.0000    0.0000
  410.5000    0.0000
  411.0000    0.0000
  411.5000    0.0000
  412.0000    0.0000
  412.5000    0.0000
  413.0000    0.0000
  413.5000    0.0000
  414.0000    0.0000
  414.5000    0.0000
  415.0000    0.0000
  415.5000    0.0000
  416.0000    0.0000
  416.5000    0.0000
  417.0000    0.0000
  417.5000    0.0000
  418.0000    0.0000
  418.5000    0.0000
  419.0000    0.0000
  419.5000    0.0000
  420.0000    0.0000
  420.5000    0.0000
  421.0000    0.0000
  421.5000    0.0000
  422.0000    0.0000
  422.5000    0.0000
  423.0000    0.0000
  423.5000    0.0000
  424.0000    0.0000
  424.5000    0.0000
  425.0000    0.0000
  425.5000    0.0000
  426.0000    0.0000
  426.5000    0.0000
  427.0000    0.0000
  427.5000    0.0000
  428.0000    0.0000
  428.5000    0.0000
  429.0000    0.0000
  429.5000    0.0000
  430.0000    0.0000
  430.5000    0.0000
  431.0000    0.0000
  431.5000    0.0000
  432.0000    0.0000
  432.5000    0.0000
  433.0000    0.0000
  433.5000    0.0000
  434.0000    0.0000
  434.5000    0.0000
  435.0000    0.0000
  435.5000    0.0000
  436.0000    0.0000
  436.5000    0.0000
  437.0000    0.0000
  437.5000    0.0000
  438.0000    0.0000
  438.5000    0.0000
  439.0000    0.0000
  439.5000    0.0000
  440.0000    0.0000
  440.5000    0.0000
  441.0000    0.0000
  441.5000    0.0000
  442.0000    0.0000
  442.5000    0.0000
  443.0000    0.0000
  443.5000    0.0000
  444.0000    0.0000
  444.5000    0.0000
  445.0000    0.0000
  445.5000    0.0000
  446.0000    0.0000
  446.5000    0.0000
  447.0000    0.0000
  447.5000    0.0000
  448.0000    0.0000
  448.5000    0.0000
  449.0000    0.0000
  449.5000    0.0000
  450.0000    0.0000
  450.5000    0.0000
  451.0000    0.0000
  451.5000    0.0000
  452.0000    0.0000
  452.5000    0.0000
  453.0000    0.0000
  453.5000    0.0000
  454.0000    0.0000
  454.5000    0.0000
  455.0000    0.0000
  455.5000    0.0000
  456.0000    0.0000
  456.5000    0.0000
  457.0000    0.0000
  457.5000    0.0000
  458.0000    0.0000
  458.5000    0.0000
  459.0000    0.0000
  459.5000    0.0000
  460.0000    0.0000
  460.5000    0.0000
  461.0000    0.0000
  461.5000    0.0000
  462.0000    0.0000
  462.5000    0.0000
  463.0000    0.0000
  463.5000    0.0000
  464.0000    0.0000
  464.5000    0.0000
  465.0000    0.0000
  465.5000    0.0000
  466.0000    0.0000
  466.5000    0.0000
  467.0000    0.0000
  467.5000    0.0000
  468.0000    0.0000
  468.5000    0.0000
  469.0000    0.0000
  469.5000    0.0000
  470.0000    0.0000
  470.5000    0.0000
  471.0000    0.0000
  471.5000    0.0000
  472.0000    0.0000
  472.5000    0.0000
  473.0000    0.0000
  473.5000    0.0000
  474.0000    0.0001
  474.5000    0.0001
  475.0000    0.0002
  475.5000    0.0003
  476.0000    0.0004
  476.5000    0.0007
  477.0000    0.0010
  477.5000    0.0015
  478.0000    0.0022
  478.5000    0.0032
  479.0000    0.0046
  479.5000    0.0064
  480.0000    0.0088
  480.5000    0.0119
  481.0000    0.0159
  481.5000    0.0209
  482.0000    0.0271
  482.5000    0.0345
  483.0000    0.0433
  483.5000    0.0534
  484.0000    0.0649
  484.5000    0.0777
  485.0000    0.0916
  485.5000    0.1062
  486.0000    0.1213
  486.5000    0.1364
  487.0000    0.1510
  487.5000    0.1645
  488.0000    0.1765
  488.5000    0.1864
  489.0000    0.1938
  489.5000    0.1984
  490.0000    0.2000
  490.5000    0.1984
  491.0000    0.1938
  491.5000    0.1864
  492.0000    0.1765
  492.5000    0.1645
  493.0000    0.1510
  493.5000    0.1364
  494.0000    0.1213
  494.5000    0.1062
  495.0000    0.0916
  495.5000    0.0777
  496.0000    0.0649
  496.5000    0.0534
  497.0000    0.0433
  497.5000    0.0345
  498.0000    0.0271
  498.5000    0.0209
  499.0000    0.0159
  499.5000    0.0119
  500.0000    0.0088
  500.5000    0.0064
  501.0000    0.0046
  501.5000    0.0032
  502.0000    0.0022
  502.5000    0.0015
  503.0000    0.0010
  503.5000    0.0007
  504.0000    0.0004
  504.5000    0.0003
  505.0000    0.0002
  505.5000    0.0001
  506.0000    0.0001
  506.5000    0.0000
  507.0000    0.0000
  507.5000    0.0000
  508.0000    0.0000
  508.5000    0.0000
  509.0000    0.0000
  509.5000    0.0000
  510.0000    0.0000
  510.5000    0.0000
  511.0000    0.0000
  511.5000    0.0000
  512.0000    0.0000
  512.5000    0.0000
  513.0000    0.0000
  513.5000    0.0000
  514.0000    0.0000
  514.5000    0.0000
  515.0000    0.0000
  515.5000    0.0000
  516.0000    0.0000
  516.5000    0.0000
  517.0000    0.0000
  517.5000    0.0000
  518.0000    0.0000
  518.5000    0.0000
  519.0000    0.0000
  519.5000    0.0000
  520.0000    0.0000
  520.5000    0.0000
  521.0000    0.0000
  521.5000    0.0000
  522.0000    0.0000
  522.5000    0.0000
  523.0000    0.0001
  523.5000    0.0001
  524.0000    0.0001
  524.5000    0.0002
  525.0000    0.0003
  525.5000    0.0005
  526.0000    0.0007
  526.5000    0.0011
  527.0000    0.0015
  527.5000    0.0022
  528.0000    0.0031
  528.5000    0.0043
  529.0000    0.0060
  529.5000    0.0082
  530.0000    0.0111
  530.5000    0.0149
  531.0000    0.0198
  531.5000    0.0261
  532.0000    0.0340
  532.5000    0.0439
  533.0000    0.0561
  533.5000    0.0710
  534.0000    0.0889
  534.5000    0.1103
  535.0000    0.1353
  535.5000    0.1645
  536.0000    0.1979
  536.5000    0.2357
  537.0000    0.2780
  537.5000    0.3247
  538.0000    0.3753
  538.5000    0.4296
  539.0000    0.4868
  539.5000    0.5461
  540.0000    0.6065
  540.5000    0.6670
  541.0000    0.7261
  541.5000    0.7827
  542.0000    0.8353
  542.5000    0.8825
  543.0000    0.9231
  543.5000    0.9560
  544.0000    0.9802
  544.5000    0.9950
  545.0000    1.0000
  545.5000    0.9950
  546.0000    0.9802
  546.5000    0.9560
  547.0000    0.9231
  547.5000    0.8825
  548.0000    0.8353
  548.5000    0.7827
  549.0000    0.7262
  549.5000    0.6670
  550.0000    0.6066
  550.5000    0.5462
  551.0000    0.4869
  551.5000    0.4299
  552.0000    0.3759
  552.5000    0.3256
  553.0000    0.2797
  553.5000    0.2385
  554.0000    0.2022
  554.5000    0.1711
  555.0000    0.1452
  555.5000    0.1246
  556.0000    0.1092
  556.5000    0.0989
  557.0000    0.0935
  557.5000    0.0926
  558.0000    0.0957
  558.5000    0.1021
  559.0000    0.1108
  559.5000    0.1209
  560.0000    0.1312
  560.5000    0.1406
  561.0000    0.1479
  561.5000    0.1522
  562.0000    0.1531
  562.5000    0.1501
  563.0000    0.1434
  563.5000    0.1334
  564.0000    0.1208
  564.5000    0.1065
  565.0000    0.0913
  565.5000    0.0762
  566.0000    0.0618
  566.5000    0.0488
  567.0000    0.0375
  567.5000    0.0280
  568.0000    0.0203
  568.5000    0.0144
  569.0000    0.0099
  569.5000    0.0066
  570.0000    0.0043
  570.5000    0.0027
  571.0000    0.0017
  571.5000    0.0011
  572.0000    0.0007
  572.5000    0.0005
  573.0000    0.0004
  573.5000    0.0005
  574.0000    0.0007
  574.5000    0.0009
  575.0000    0.0013
  575.5000    0.0019
  576.0000    0.0027
  576.5000    0.0038
  577.0000    0.0052
  577.5000    0.0070
  578.0000    0.0094
  578.5000    0.0124
  579.0000    0.0162
  579.5000    0.0207
  580.0000    0.0263
  580.5000    0.0328
  581.0000    0.0404
  581.5000    0.0492
  582.0000    0.0591
  582.5000    0.0702
  583.0000    0.0823
  583.5000    0.0955
  584.0000    0.1098
  584.5000    0.1249
  585.0000    0.1410
  585.5000    0.1579
  586.0000    0.1758
  586.5000    0.1947
  587.0000    0.2148
  587.5000    0.2362
  588.0000    0.2593
  588.5000    0.2844
  589.0000    0.3118
  589.5000    0.3418
  590.0000    0.3747
  590.5000    0.4108
  591.0000    0.4502
  591.5000    0.4930
  592.0000    0.5391
  592.5000    0.5883
  593.0000    0.6401
  593.5000    0.6940
  594.0000    0.7495
  594.5000    0.8056
  595.0000    0.8615
  595.5000    0.9163
  596.0000    0.9688
  596.5000    1.0182
  597.0000    1.0634
  597.5000    1.1034
  598.0000    1.1374
  598.5000    1.1647
  599.0000    1.1846
  599.5000    1.1966
  600.0000    1.2005
  600.5000    1.1962
  601.0000    1.1837
  601.5000    1.1632
  602.0000    1.1352
  602.5000    1.1003
  603.0000    1.0590
  603.5000    1.0123
  604.0000    0.9609
  604.5000    0.9058
  605.0000    0.8480
  605.5000    0.7883
  606.0000    0.7278
  606.5000    0.6673
  607.0000    0.6076
  607.5000    0.5494
  608.0000    0.4933
  608.5000    0.4399
  609.0000    0.3896
  609.5000    0.3426
  610.0000    0.2992
  610.5000    0.2595
  611.0000    0.2235
  611.5000    0.1912
  612.0000    0.1624
  612.5000    0.1370
  613.0000    0.1148
  613.5000    0.0955
  614.0000    0.0789
  614.5000    0.0647
  615.0000    0.0527
  615.5000    0.0427
  616.0000    0.0343
  616.5000    0.0274
  617.0000    0.0217
  617.5000    0.0171
  618.0000    0.0134
  618.5000    0.0104
  619.0000    0.0080
  619.5000    0.0062
  620.0000    0.0047
  620.5000    0.0036
  621.0000    0.0028
  621.5000    0.0022
  622.0000    0.0018
  622.5000    0.0016
  623.0000    0.0015
  623.5000    0.0015
  624.0000    0.0017
  624.5000    0.0020
  625.0000    0.0025
  625.5000    0.0032
  626.0000    0.0041
  626.5000    0.0052
  627.0000    0.0067
  627.5000    0.0086
  628.0000    0.0109
  628.5000    0.0137
  629.0000    0.0171
  629.5000    0.0213
  630.0000    0.0264
  630.5000    0.0324
  631.0000    0.0394
  631.5000    0.0477
  632.0000    0.0574
  632.5000    0.0685
  633.0000    0.0812
  633.5000    0.0956
  634.0000    0.1118
  634.5000    0.1298
  635.0000    0.1496
  635.5000    0.1713
  636.0000    0.1948
  636.5000    0.2200
  637.0000    0.2467
  637.5000    0.2747
  638.0000    0.3038
  638.5000    0.3337
  639.0000    0.3639
  639.5000    0.3942
  640.0000    0.4240
  640.5000    0.4529
  641.0000    0.4804
  641.5000    0.5061
  642.0000    0.5295
  642.5000    0.5501
  643.0000    0.5676
  643.5000    0.5815
  644.0000    0.5917
  644.5000    0.5979
  645.0000    0.6000
  645.5000    0.5979
  646.0000    0.5917
  646.5000    0.5815
  647.0000    0.5676
  647.5000    0.5501
  648.0000    0.5295
  648.5000    0.5061
  649.0000    0.4804
  649.5000    0.4529
  650.0000    0.4240
  650.5000    0.3942
  651.0000    0.3639
  651.5000    0.3337
  652.0000    0.3038
  652.5000    0.2747
  653.0000    0.2467
  653.5000    0.2200
  654.0000    0.1948
  654.5000    0.1713
  655.0000    0.1496
  655.5000    0.1298
  656.0000    0.1118
  656.5000    0.0956
  657.0000    0.0812
  657.5000    0.0685
  658.0000    0.0574
  658.5000    0.0477
  659.0000    0.0394
  659.5000    0.0324
  660.0000    0.0264
  660.5000    0.0213
  661.0000    0.0171
  661.5000    0.0137
  662.0000    0.0108
  662.5000    0.0085
  663.0000    0.0067
  663.5000    0.0052
  664.0000    0.0040
  664.5000    0.0031
  665.0000    0.0023
  665.5000    0.0018
  666.0000    0.0013
  666.5000    0.0010
  667.0000    0.0007
  667.5000    0.0005
  668.0000    0.0004
  668.5000    0.0003
  669.0000    0.0002
  669.5000    0.0001
  670.0000    0.0001
  670.5000    0.0001
  671.0000    0.0001
  671.5000    0.0000
  672.0000    0.0000
  672.5000    0.0000
  673.0000    0.0000
  673.5000    0.0000
  674.0000    0.0000
  674.5000    0.0000
  675.0000    0.0000
  675.5000    0.0000
  676.0000    0.0000
  676.5000    0.0000
  677.0000    0.0000
  677.5000    0.0000
  678.0000    0.0000
  678.5000    0.0000
  679.0000    0.0000
  679.5000    0.0001
  680.0000    0.0001
  680.5000    0.0001
  681.0000    0.0001
  681.5000    0.0002
  682.0000    0.0002
  682.5000    0.0003
  683.0000    0.0003
  683.5000    0.0004
  684.0000    0.0006
  684.5000    0.0007
  685.0000    0.0009
  685.5000    0.0011
  686.0000    0.0014
  686.5000    0.0018
  687.0000    0.0022
  687.5000    0.0027
  688.0000    0.0034
  688.5000    0.0041
  689.0000    0.0050
  689.5000    0.0061
  690.0000    0.0073
  690.5000    0.0088
  691.0000    0.0105
  691.5000    0.0124
  692.0000    0.0147
  692.5000    0.0172
  693.0000    0.0201
  693.5000    0.0234
  694.0000    0.0271
  694.5000    0.0311
  695.0000    0.0357
  695.5000    0.0406
  696.0000    0.0460
  696.5000    0.0519
  697.0000    0.0582
  697.5000    0.0649
  698.0000    0.0721
  698.5000    0.0796
  699.0000    0.0875
  699.5000    0.0957
  700.0000    0.1041
  700.5000    0.1127
  701.0000    0.1213
  701.5000    0.1300
  702.0000    0.1385
  702.5000    0.1469
  703.0000    0.1550
  703.5000    0.1627
  704.0000    0.1699
  704.5000    0.1765
  705.0000    0.1825
  705.5000    0.1876
  706.0000    0.1920
  706.5000    0.1955
  707.0000    0.1980
  707.5000    0.1995
  708.0000    0.2000
  708.5000    0.1995
  709.0000    0.1980
  709.5000    0.1955
  710.0000    0.1920
  710.5000    0.1876
  711.0000    0.1825
  711.5000    0.1765
  712.0000    0.1699
  712.5000    0.1627
  713.0000    0.1550
  713.5000    0.1469
  714.0000    0.1385
  714.5000    0.1300
  715.0000    0.1213
  715.5000    0.1127
  716.0000    0.1041
  716.5000    0.0957
  717.0000    0.0875
  717.5000    0.0796
  718.0000    0.0721
  718.5000    0.0649
  719.0000    0.0582
  719.5000    0.0519
  720.0000    0.0460
  720.5000    0.0406
  721.0000    0.0357
  721.5000    0.0311
  722.0000    0.0271
  722.5000    0.0234
  723.0000    0.0201
  723.5000    0.0172
  724.0000    0.0147
  724.5000    0.0124
  725.0000    0.0105
  725.5000    0.0088
  726.0000    0.0073
  726.5000    0.0061
  727.0000    0.0050
  727.5000    0.0041
  728.0000    0.0034
  728.5000    0.0027
  729.0000    0.0022
  729.5000    0.0018
  730.0000    0.0014
  730.5000    0.0011
  731.0000    0.0009
  731.5000    0.0007
  732.0000    0.0006
  732.5000    0.0004
  733.0000    0.0003
  733.5000    0.0003
  734.0000    0.0002
  734.5000    0.0002
  735.0000    0.0001
  735.5000    0.0001
  736.0000    0.0001
  736.5000    0.0001
  737.0000    0.0000
  737.5000    0.0000
  738.0000    0.0000
  738.5000    0.0000
  739.0000    0.0000
  739.5000    0.0000
  740.0000    0.0000
  740.5000    0.0000
  741.0000    0.0000
  741.5000    0.0000
  742.0000    0.0000
  742.5000    0.0000
  743.0000    0.0000
  743.5000    0.0000
  744.0000    0.0000
  744.5000    0.0000
  745.0000    0.0000
  745.5000    0.0000
  746.0000    0.0000
  746.5000    0.0000
  747.0000    0.0000
  747.5000    0.0000
  748.0000    0.0000
  748.5000    0.0000
  749.0000    0.0000
  749.5000    0.0000
  750.0000    0.0000