430	1219.41821
430.5	1204.49731
431	1086.60547
431.5	1450.55444
432	1313.89709
432.5	1437.03931
433	1364.65515
433.5	1468.78137
434	1635.85193
434.5	1662.2085
435	1675.75867
435.5	1639.67615
436	2020.15454
436.5	1958.27844
437	1922.85352
437.5	2052.94043
438	2110.37964
438.5	2295.79663
439	2511.7981
439.5	2437.89917
440	3077.0459
440.5	3380.34326
441	3919.13135
441.5	5144.43115
442	6878.19141
442.5	9404.20117
443	13316.2559
443.5	19108.3633
444	27189.6426
444.5	35243.5703
445	47350.2539
445.5	60882.2109
446	76339.4141
446.5	95602.0469
447	121758.766
447.5	151105.969
448	197556.531
448.5	244735.359
449	291956.844
449.5	332704.313
450	361363.969
450.5	385406.656
451	390564.344
451.5	387334.5
452	370985.594
452.5	361147.938
453	355855.219
453.5	352730.125
454	352027.813
454.5	360168.75
455	363351.188
455.5	365232.719
456	359854.563
456.5	335771.688
457	296588.875
457.5	241951.906
458	185008.094
458.5	130376.125
459	92393.6172
459.5	67528.8438
460	49885.793
460.5	37703.1992
461	29372.4258
461.5	23944.0859
462	20978.8262
462.5	17019.9551
463	15005.2246
463.5	13074.9902
464	11385.8467
464.5	10590.8262
465	9707.23242
465.5	8982.08301
466	8551.85742
466.5	8420.69531
467	8238.88574
467.5	8617.50391
468	8469.55566
468.5	8135.93994
469	8571.73047
469.5	8554.46875
470	9264.70898
470.5	9387.52832
471	10412.2305
471.5	10689.2432
472	11503.5889
472.5	12322.6963
473	12945.7627
473.5	13079.6797
474	13652.2617
474.5	14248.999
475	14722.0498
475.5	14517.625
476	14181.9258
476.5	14231.1162
477	13774.0977
477.5	13631.2246
478	13531.7666
478.5	13122.6826
479	13192.1211
479.5	12920.3145
480	12629.3271
480.5	12354.7256
481	11820.2734
481.5	10681.9443
482	10882.1221
482.5	10242.0176
483	8730.99609
483.5	7734.05566
484	7684.9834
484.5	6813.28076
485	6231.4873
485.5	5505.99707
486	4802.28174
486.5	4929.26758
487	4649.27832
487.5	4393.9082
488	3996.9458
488.5	3901.30835
489	3661.41016
489.5	3304.91504
490	3316.9541
490.5	3342.87329
491	3170.75781
491.5	3312.03906
492	3038.63281
492.5	2864.94019
493	3090.37646
493.5	2802.03418
494	2707.70703
494.5	2779.88794
495	2617.05664
495.5	2658.6123
496	2434.64014
496.5	2641.87305
497	2603.9668
497.5	2835.15649
498	2566.44604
498.5	2514.26685
499	2848.83228
499.5	2711.46118
500	2732.05518
500.5	2632.39624
501	2402.94604
501.5	2611.37085
502	2510.31982
502.5	2765.21655
503	2587.55566
503.5	2611.08276
504	2934.52319
504.5	2951.4231
505	2994.06372
505.5	3212.11426
506	3054.41772
506.5	3386.55493
507	3478.52197
507.5	3738.59131
508	3955.40723
508.5	3997.81689
509	4123.95508
509.5	4116.02588
510	4282.94043
510.5	4094.82861
511	4072.53809
511.5	4861.9834
512	4372.07959
512.5	4313.36279
513	4578.48682
513.5	4514.90869
514	4212.94922
514.5	4292.72119
515	4245.38525
515.5	4316.60254
516	3958.39307
516.5	3868.36304
517	3772.91528
517.5	3756.1853
518	3442.96802
518.5	3363.94946
519	3368.49072
519.5	3109.99438
520	3020.97241
520.5	2902.76001
521	2829.94702
521.5	2626.08765
522	2479.35767
522.5	2427.89209
523	2398.42261
523.5	2346.65918
524	2196.82617
524.5	2225.69263
525	2195.21631
525.5	1975.97632
526	2002.80322
526.5	2087.08789
527	2097.54541
527.5	1874.40601
528	2034.92725
528.5	2015.65405
529	2085.15942
529.5	1936.59326
530	2033.85059
530.5	1891.0437
531	1840.04065
531.5	1776.92773
532	1926.55505
532.5	1894.5531
533	1729.3927
533.5	1892.02942
534	1782.91077
534.5	1747.70764
535	1748.18799
535.5	1711.52515
536	1587.94751
536.5	1655.27356
537	1710.95996
537.5	1605.96545
538	1738.96716
538.5	1616.77563
539	1550.00452
539.5	1703.14868
540	1655.0542
540.5	1587.42114
541	1496.59082
541.5	1604.97778
542	1619.25598
542.5	1565.89319
543	1576.39014
543.5	1383.76135
544	1527.60864
544.5	1640.30408
545	1442.21899
545.5	1551.02966
546	1602.55554
546.5	1630.30481
547	1587.25964
547.5	1716.05005
548	1489.0697
548.5	1626.08337
549	1446.62085
549.5	1576.18201
550	1396.42444
550.5	1216.03247
551	1670.55298
551.5	1335.55969
552	1602.32349
552.5	1560.73022
553	1607.71228
553.5	1491.46411
554	1354.55652
554.5	1263.82898
555	1298.18945
555.5	1458.33264
556	1424.04578
556.5	1586.73682
557	1557.01221
557.5	1561.96509
558	1499.07178
558.5	1722.96423
559	1471.11206
559.5	1431.80945
560	1485.52515
560.5	1462.60425
561	1321.72449
561.5	1438.3595
562	1440.60144
562.5	1467.21851
563	1243.9989
563.5	1176.67188
564	1367.41711
564.5	1345.45654
565	1425.76428
565.5	1464.25024
566	1273.83386
566.5	1483.69653
567	1438.2467
567.5	1430.76392
568	1258.0542
568.5	1271.24365
569	1247.26111
569.5	1331.03247
570	1287.47986
570.5	1167.61218
571	1317.15784
571.5	1160.14319
572	1165.34375
572.5	1179.9939
573	1102.40381
573.5	1284.86389
574	1157.91479
574.5	1233.54456
575	1052.05542
575.5	1071.93823
576	1156.58984
576.5	988.542847
577	1159.22009
577.5	1134.13062
578	1196.12292
578.5	1125.51221
579	1197.78381
579.5	1085.88416
580	1226.87463
580.5	1095.64148
581	1088.59363
581.5	1015.98456
582	1038.47949
582.5	1267.33862
583	1021.53223
583.5	1031.47424
584	1013.55548
584.5	1207.3208
585	993.64209
585.5	1108.00952
586	1102.69604
586.5	1072.93103
587	1021.09601
587.5	1113.99475
588	1057.14966
588.5	948.150757
589	1104.12939
589.5	977.39624
590	1026.07654
590.5	1025.9408
591	1086.89429
591.5	995.717102
592	1061.60498
592.5	986.181885
593	1035.36218
593.5	977.461121
594	1015.573
594.5	981.399963
595	980.490662
595.5	964.712524
596	922.651855
596.5	828.185181
597	955.138
597.5	826.430237
598	765.923279
598.5	1058.92688
599	1005.06506
599.5	890.431946
600	848.020752
600.5	781.865173
601	903.946716
601.5	873.99823
602	806.900024
602.5	876.746033
603	848.482971
603.5	761.835388
604	728.161804
604.5	838.435181
605	746.861633
605.5	667.862549
606	720.075012
606.5	732.419434
607	774.592651
607.5	835.883972
608	727.392944
608.5	828.624512
609	785.37384
609.5	698.232788
610	806.257324
610.5	786.467041
611	754.091431
611.5	636.369141
612	711.584167
612.5	670.57019
613	753.482971
613.5	584.423218
614	749.635315
614.5	766.98822
615	698.41803
615.5	682.052368
616	646.880493
616.5	626.04364
617	805.348511
617.5	550.972473
618	597.351501
618.5	696.339966
619	666.665222
619.5	524.437378
620	616.52948
620.5	628.894836
621	625.330078
621.5	699.392029
622	563.191223
622.5	520.415527
623	494.56424
623.5	596.53717
624	651.900024
624.5	679.523132
625	573.349182
625.5	536.763855
626	501.132782
626.5	602.116943
627	585.738831
627.5	570.282288
628	641.837463
628.5	587.663879
629	554.213684
629.5	518.973022
630	532.627991
630.5	630.457703
631	474.987213
631.5	558.097839
632	574.046875
632.5	679.162964
633	602.379395
633.5	597.430237
634	508.631439
634.5	554.907227
635	599.804199
635.5	738.510986
636	560.8172
636.5	642.459351
637	634.10376
637.5	760.426636
638	659.201782
638.5	740.998779
639	725.777161
639.5	753.741577
640	736.221802
640.5	858.592163
641	991.885071
641.5	1168.92358
642	1194.95874
642.5	1323.1333
643	1333.09424
643.5	1093.91125
644	1602.5354
644.5	1514.74585
645	1551.46619
645.5	1719.45752
646	1827.96509
646.5	2004.66675
647	2006.65308
647.5	2286.52075
648	2291.36426
648.5	2047.23938
649	2267.37476
649.5	2575.77661
650	2598.80176
650.5	2702.87549
651	2481.2002
651.5	2604.31128
652	2818.93896
652.5	2756.78857
653	2866.73901
653.5	2817.09619
654	2634.36865
654.5	2744.87817
655	2820.42651
655.5	2957.41309
656	2837.22266
656.5	2724.10986
657	2953.17407
657.5	2957.94678
658	3037.09326
658.5	2843.45313
659	2632.91919
659.5	2977.46436
660	2908.39331
660.5	3083.16943
661	2917.81519
661.5	2983.49121
662	2842.7019
662.5	2835.90747
663	2974.35742
663.5	2987.1499
664	2871.47412
664.5	2989.12769
665	2878.01489
665.5	2804.86182
666	2717.61133
666.5	2701.26001
667	2538.25586
667.5	2383.05811
668	2599.15771
668.5	2459.58813
669	2150.79126
669.5	2261.37476
670	1941.79163
670.5	1883.92151
671	1797.98364
671.5	1515.88452
672	1572.62134
672.5	1351.16748
673	1202.61572
673.5	1212.18604
674	820.108582
674.5	859.257263
675	840.472473
675.5	872.111694
676	646.343384
676.5	614.974915
677	536.940735
677.5	580.701965
678	483.595062
678.5	374.833923
679	442.331421
679.5	358.902069
680	345.451843
680.5	254.583984
681	209.109375
681.5	319.977844
682	208.405899
682.5	194.962296
683	194.448044
683.5	121.486122
684	120.922798
684.5	148.523056
685	189.981186
685.5	158.255615
686	125.117821
686.5	107.005608
687	143.995941
687.5	125.656906
688	172.849579
688.5	144.196274
689	148.523056
689.5	190.584946
690	180.582703
690.5	134.652435
691	139.952759
691.5	129.214523
692	130.414597
692.5	144.138992
693	120.198235
693.5	79.4068146
694	74.2910004
694.5	120.898766
695	140.316376
695.5	116.487984
696	87.681282
696.5	69.0269699
697	157.027206
697.5	111.157143
698	130.692047
698.5	129.265503
699	115.226204
699.5	92.8146439
700	134.705887
700.5	97.2946014
701	97.1023636
701.5	97.6554718
702	134.545654
702.5	125.565361
703	125.399231
703.5	92.8698883
704	138.353195
704.5	116.179565
705	74.4781647
705.5	184.774353
706	111.8433
706.5	102.231255
707	135.009567
707.5	143.369919
708	111.311356
708.5	92.4784393
709	78.8924484
709.5	120.77079
710	97.5391846
710.5	130.302231
711	116.071999
711.5	111.547142
712	134.741531
712.5	101.833595
713	83.9159012
713.5	102.66613
714	83.9270401
714.5	116.248817
715	97.1663589
715.5	83.5552673
716	106.913506
716.5	88.4838867
717	102.156876
717.5	64.9831314
718	78.8247147
718.5	92.6065216
719	78.8663864
719.5	88.0982132
720	106.595924
720.5	111.739471
721	74.7159424
721.5	74.7457657
722	69.9020615
722.5	60.658287
723	46.3460541
723.5	65.1597519
724	18.5678368
724.5	69.795517
725	124.895256
725.5	106.913506
726	69.7446747
726.5	74.1879654
727	60.2817039
727.5	64.9960251
728	97.3845673
728.5	98.2214661
729	92.9436493
729.5	87.802475
730	88.5249863
730.5	111.547142
731	138.937271
731.5	135.575943
732	101.974777
732.5	111.436501
733	125.94912
733.5	168.088501
734	171.945755
734.5	166.428329
735	158.224136
735.5	189.868408
736	218.143234
736.5	240.554855
737	342.779785
737.5	340.099762
738	314.509552
738.5	396.743713
739	381.018524
739.5	366.714783
740	331.677277
740.5	480.664154
741	441.482361
741.5	540.791382
742	606.212891
742.5	576.89978
743	701.956848
743.5	605.094971
744	675.537537
744.5	728.093018
745	672.950623
745.5	812.68634
746	773.634155
746.5	868.735657
747	749.337158
747.5	830.745911
748	849.703308
748.5	939.414917
749	1011.94714
749.5	1059.92529
750	812.289124
750.5	896.312927
751	880.415405
751.5	866.842896
752	880.749451
752.5	856.497375
753	662.573608
753.5	651.036438
754	663.104004
754.5	768.086182
755	503.112915
755.5	533.437378
756	534.532166
756.5	482.317322
757	382.156647
757.5	485.51181
758	328.731476
758.5	358.070068
759	320.740509
759.5	282.972412
760	227.290695
760.5	258.191467
761	230.361694
761.5	199.961197
762	139.231155
762.5	166.746735
763	180.821213
763.5	139.655807
764	120.024361
764.5	125.6819
765	157.140915
765.5	162.104172
766	166.812744
766.5	134.252899
767	106.765068
767.5	111.259903
768	147.770859
768.5	125.018799
769	120.36467
769.5	166.505051
770	171.389893
770.5	148.278
771	162.114868
771.5	120.51564
772	222.12381
772.5	101.605843
773	195.181671
773.5	124.903481
774	185.715195
774.5	235.820023
775	236.78688
775.5	236.411697
776	218.287552
776.5	226.378372
777	297.47876
777.5	319.78775
778	342.915497
778.5	333.493469
779	308.968506
779.5	268.046265
780	354.570862
780.5	425.54129
781	394.253754
781.5	362.16861
782	361.332245
782.5	413.325653
783	344.0737
783.5	350.264679
784	393.059296
784.5	334.48645
785	362.001038
785.5	370.328369
786	329.448425
786.5	454.761658
787	370.066772
787.5	446.901672
788	499.976318
788.5	443.341797
789	467.8172
789.5	436.603973
790	353.092407
790.5	449.497345
791	287.953796
791.5	478.374847
792	508.79895
792.5	480.951263
793	490.29718
793.5	413.626617
794	386.432343
794.5	436.084717
795	324.679565
795.5	376.098175
796	482.158081
796.5	422.111298
797	401.678314
797.5	389.769958
798	320.21051
798.5	343.278015
799	380.540039
799.5	347.985901
800	391.217865
800.5	333.625488
801	259.606445
801.5	329.317841
802	343.89151
802.5	278.407104
803	340.710205
803.5	325.539825
804	306.005127
804.5	300.951355
805	237.11618
805.5	304.52597
806	287.991882
806.5	240.348984
807	237.2733
807.5	273.009186
808	175.628082
808.5	283.19696
809	274.601807
809.5	214.394806
810	242.455902
810.5	152.861252
811	194.820602
811.5	163.104813
812	157.36882
812.5	106.434326
813	102.01519
813.5	153.845825
814	78.8768005
814.5	97.1087646
815	112.058998
815.5	110.733467
816	60.4213715
816.5	92.9436493
817	93.0791931
817.5	46.5334282
818	83.7934875
818.5	41.7665901
819	60.1982117
819.5	60.0912018
820	51.1020966
820.5	50.8263245
821	37.1258583
821.5	23.1990604
822	46.548851
822.5	37.0817375
823	55.8401146
823.5	46.694355
824	27.7837906
824.5	27.8683395
825	51.0244446
825.5	37.1160431
826	41.9607353
826.5	14.0437994
827	18.4981251
827.5	51.1054764
828	37.1062355
828.5	18.5998096
829	32.4186974
829.5	23.2867775
830	27.9274597
830.5	13.9461632
831	13.9148378
831.5	18.6504536
832	13.8909779
832.5	13.9286404
833	9.30730247
833.5	23.1714973
834	9.26737499
834.5	4.66354275
835	27.8241615
835.5	9.29559517
836	4.66075659
836.5	0
837	32.5755577
837.5	18.5310802
838	32.3674545
838.5	18.5641556
839	18.4883823
839.5	4.66199446
840	0
840.5	9.27043438
841	9.30791855
841.5	9.21628189
842	0
842.5	9.30977058
843	0
843.5	4.62818956
844	4.66292286
844.5	18.5531178
845	4.62544489
845.5	42.0137444
846	0
846.5	13.8371372
847	4.61692905
847.5	0
848	23.1104794
848.5	18.7001286
849	13.8735943
849.5	9.3153286
850	0