   380.0000    0.0000
  381.0000    0.0000
  382.0000    0.0000
  383.0000    0.0000
  384.0000    0.0000
  385.0000    0.0000
  386.0000    0.0000
  387.0000    0.0000
  388.0000    0.0000
  389.0000    0.0000
  390.0000    0.0000
  391.0000    0.0000
  392.0000    0.0000
  393.0000    0.0000
  394.0000    0.0000
  395.0000    0.0000
  396.0000    0.0000
  397.0000    0.0000
  398.0000    0.0000
  399.0000    0.0000
  400.0000    0.0000
  401.0000    0.0000
  402.0000    0.0000
  403.0000    0.0000
  404.0000    0.0000
  405.0000    0.0000
  406.0000    0.0000
  407.0000    0.0001
  408.0000    0.0001
  409.0000    0.0001
  410.0000    0.0002
  411.0000    0.0003
  412.0000    0.0004
  413.0000    0.0005
  414.0000    0.0007
  415.0000    0.0010
  416.0000    0.0014
  417.0000    0.0019
  418.0000    0.0026
  419.0000    0.0035
  420.0000    0.0046
  421.0000    0.0061
  422.0000    0.0080
  423.0000    0.0104
  424.0000    0.0133
  425.0000    0.0170
  426.0000    0.0215
  427.0000    0.0270
  428.0000    0.0337
  429.0000    0.0416
  430.0000    0.0509
  431.0000    0.0618
  432.0000    0.0744
  433.0000    0.0889
  434.0000    0.1053
  435.0000    0.1237
  436.0000    0.1442
  437.0000    0.1666
  438.0000    0.1910
  439.0000    0.2171
  440.0000    0.2447
  441.0000    0.2736
  442.0000    0.3033
  443.0000    0.3336
  444.0000    0.3638
  445.0000    0.3935
  446.0000    0.4222
  447.0000    0.4492
  448.0000    0.4740
  449.0000    0.4960
  450.0000    0.5148
  451.0000    0.5299
  452.0000    0.5410
  453.0000    0.5477
  454.0000    0.5500
  455.0000    0.5477
  456.0000    0.5410
  457.0000    0.5299
  458.0000    0.5148
  459.0000    0.4960
  460.0000    0.4740
  461.0000    0.4492
  462.0000    0.4222
  463.0000    0.3935
  464.0000    0.3638
  465.0000    0.3336
  466.0000    0.3033
  467.0000    0.2736
  468.0000    0.2447
  469.0000    0.2171
  470.0000    0.1910
  471.0000    0.1666
  472.0000    0.1442
  473.0000    0.1237
  474.0000    0.1053
  475.0000    0.0889
  476.0000    0.0744
  477.0000    0.0618
  478.0000    0.0509
  479.0000    0.0416
  480.0000    0.0337
  481.0000    0.0270
  482.0000    0.0216
  483.0000    0.0170
  484.0000    0.0133
  485.0000    0.0104
  486.0000    0.0080
  487.0000    0.0061
  488.0000    0.0047
  489.0000    0.0035
  490.0000    0.0027
  491.0000    0.0020
  492.0000    0.0015
  493.0000    0.0012
  494.0000    0.0009
  495.0000    0.0008
  496.0000    0.0007
  497.0000    0.0008
  498.0000    0.0008
  499.0000    0.0010
  500.0000    0.0012
  501.0000    0.0015
  502.0000    0.0019
  503.0000    0.0025
  504.0000    0.0031
  505.0000    0.0040
  506.0000    0.0050
  507.0000    0.0063
  508.0000    0.0078
  509.0000    0.0097
  510.0000    0.0120
  511.0000    0.0147
  512.0000    0.0179
  513.0000    0.0218
  514.0000    0.0262
  515.0000    0.0314
  516.0000    0.0374
  517.0000    0.0442
  518.0000    0.0521
  519.0000    0.0609
  520.0000    0.0708
  521.0000    0.0819
  522.0000    0.0941
  523.0000    0.1075
  524.0000    0.1221
  525.0000    0.1378
  526.0000    0.1547
  527.0000    0.1725
  528.0000    0.1914
  529.0000    0.2110
  530.0000    0.2313
  531.0000    0.2520
  532.0000    0.2729
  533.0000    0.2939
  534.0000    0.3146
  535.0000    0.3348
  536.0000    0.3541
  537.0000    0.3724
  538.0000    0.3893
  539.0000    0.4045
  540.0000    0.4179
  541.0000    0.4292
  542.0000    0.4382
  543.0000    0.4447
  544.0000    0.4487
  545.0000    0.4500
  546.0000    0.4487
  547.0000    0.4447
  548.0000    0.4382
  549.0000    0.4292
  550.0000    0.4179
  551.0000    0.4045
  552.0000    0.3893
  553.0000    0.3724
  554.0000    0.3541
  555.0000    0.3348
  556.0000    0.3146
  557.0000    0.2939
  558.0000    0.2729
  559.0000    0.2520
  560.0000    0.2313
  561.0000    0.2110
  562.0000    0.1914
  563.0000    0.1725
  564.0000    0.1547
  565.0000    0.1378
  566.0000    0.1221
  567.0000    0.1075
  568.0000    0.0941
  569.0000    0.0819
  570.0000    0.0708
  571.0000    0.0609
  572.0000    0.0521
  573.0000    0.0442
  574.0000    0.0374
  575.0000    0.0314
  576.0000    0.0262
  577.0000    0.0218
  578.0000    0.0180
  579.0000    0.0147
  580.0000    0.0120
  581.0000    0.0098
  582.0000    0.0079
  583.0000    0.0064
  584.0000    0.0051
  585.0000    0.0041
  586.0000    0.0033
  587.0000    0.0027
  588.0000    0.0022
  589.0000    0.0019
  590.0000    0.0017
  591.0000    0.0016
  592.0000    0.0015
  593.0000    0.0016
  594.0000    0.0018
  595.0000    0.0020
  596.0000    0.0024
  597.0000    0.0029
  598.0000    0.0035
  599.0000    0.0042
  600.0000    0.0051
  601.0000    0.0063
  602.0000    0.0076
  603.0000    0.0092
  604.0000    0.0111
  605.0000    0.0134
  606.0000    0.0160
  607.0000    0.0192
  608.0000    0.0228
  609.0000    0.0270
  610.0000    0.0319
  611.0000    0.0375
  612.0000    0.0439
  613.0000    0.0513
  614.0000    0.0596
  615.0000    0.0690
  616.0000    0.0796
  617.0000    0.0914
  618.0000    0.1046
  619.0000    0.1192
  620.0000    0.1353
  621.0000    0.1531
  622.0000    0.1724
  623.0000    0.1935
  624.0000    0.2163
  625.0000    0.2408
  626.0000    0.2671
  627.0000    0.2950
  628.0000    0.3247
  629.0000    0.3559
  630.0000    0.3886
  631.0000    0.4226
  632.0000    0.4578
  633.0000    0.4941
  634.0000    0.5311
  635.0000    0.5687
  636.0000    0.6065
  637.0000    0.6444
  638.0000    0.6819
  639.0000    0.7189
  640.0000    0.7548
  641.0000    0.7895
  642.0000    0.8226
  643.0000    0.8537
  644.0000    0.8825
  645.0000    0.9087
  646.0000    0.9321
  647.0000    0.9523
  648.0000    0.9692
  649.0000    0.9826
  650.0000    0.9922
  651.0000    0.9980
  652.0000    1.0000
  653.0000    0.9980
  654.0000    0.9922
  655.0000    0.9826
  656.0000    0.9692
  657.0000    0.9523
  658.0000    0.9321
  659.0000    0.9087
  660.0000    0.8825
  661.0000    0.8537
  662.0000    0.8226
  663.0000    0.7895
  664.0000    0.7548
  665.0000    0.7189
  666.0000    0.6819
  667.0000    0.6444
  668.0000    0.6065
  669.0000    0.5687
  670.0000    0.5311
  671.0000    0.4941
  672.0000    0.4578
  673.0000    0.4226
  674.0000    0.3886
  675.0000    0.3559
  676.0000    0.3247
  677.0000    0.2950
  678.0000    0.2671
  679.0000    0.2408
  680.0000    0.2163
  681.0000    0.1935
  682.0000    0.1724
  683.0000    0.1531
  684.0000    0.1353
  685.0000    0.1192
  686.0000    0.1046
  687.0000    0.0914
  688.0000    0.0796
  689.0000    0.0690
  690.0000    0.0596
  691.0000    0.0513
  692.0000    0.0439
  693.0000    0.0375
  694.0000    0.0319
  695.0000    0.0270
  696.0000    0.0228
  697.0000    0.0192
  698.0000    0.0160
  699.0000    0.0134
  700.0000    0.0111
  701.0000    0.0092
  702.0000    0.0076
  703.0000    0.0062
  704.0000    0.0051
  705.0000    0.0041
  706.0000    0.0034
  707.0000    0.0027
  708.0000    0.0022
  709.0000    0.0018
  710.0000    0.0014
  711.0000    0.0011
  712.0000    0.0009
  713.0000    0.0007
  714.0000    0.0005
  715.0000    0.0004
  716.0000    0.0003
  717.0000    0.0003
  718.0000    0.0002
  719.0000    0.0002
  720.0000    0.0001
  721.0000    0.0001
  722.0000    0.0001
  723.0000    0.0001
  724.0000    0.0000
  725.0000    0.0000
  726.0000    0.0000
  727.0000    0.0000
  728.0000    0.0000
  729.0000    0.0000
  730.0000    0.0000
  731.0000    0.0000
  732.0000    0.0000
  733.0000    0.0000
  734.0000    0.0000
  735.0000    0.0000
  736.0000    0.0000
  737.0000    0.0000
  738.0000    0.0000
  739.0000    0.0000
  740.0000    0.0000
  741.0000    0.0000
  742.0000    0.0000
  743.0000    0.0000
  744.0000    0.0000
  745.0000    0.0000
  746.0000    0.0000
  747.0000    0.0000
  748.0000    0.0000
  749.0000    0.0000
  750.0000    0.0000
  751.0000    0.0000
  752.0000    0.0000
  753.0000    0.0000
  754.0000    0.0000
  755.0000    0.0000
  756.0000    0.0000
  757.0000    0.0000
  758.0000    0.0000
  759.0000    0.0000
  760.0000    0.0000
  761.0000    0.0000
  762.0000    0.0000
  763.0000    0.0000
  764.0000    0.0000
  765.0000    0.0000
  766.0000    0.0000
  767.0000    0.0000
  768.0000    0.0000
  769.0000    0.0000
  770.0000    0.0000
  771.0000    0.0000
  772.0000    0.0000
  773.0000    0.0000
  774.0000    0.0000
  775.0000    0.0000
  776.0000    0.0000
  777.0000    0.0000
  778.0000    0.0000
  779.0000    0.0000
  780.0000    0.0000
